"ihme_loc_id","scale","amp2x","lambda","zeta","are","coverage","loss","best"
"AFG",30,1,0.7,0.9,0.34887800896272,0.998411437648928,0.397289446611648,1
"AGO",5,1.5,0.7,0.9,0.138626622081174,1,0.188626622081174,1
"ALB",5,1,0.8,0.8,0.295611175681144,1,0.345611175681144,1
"AND",30,1,0.8,0.99,3.82810816754091,0.865951742627346,3.84491781901544,1
"ARE",5,3,0.9,0.8,0.0951691741014365,1,0.145169174101436,1
"ARG",30,3,0.9,0.9,0.188858555835848,0.845503458877786,0.209757864060291,1
"ARM",5,1,0.7,0.9,0.269814560316868,1,0.319814560316868,1
"ASM",30,1,0.8,0.9,0.277040041130717,0.946414499605989,0.27775714120952,1
"ATG",30,1.5,0.6,0.8,0.358784025344246,1,0.408784025344246,1
"AUS",15,3,0.3,0.8,0.10215123326702,1,0.15215123326702,1
"AUT",20,3,0.3,0.99,0.0690921044922095,1,0.119092104492209,1
"AZE",5,1,0.6,0.9,0.498405708496288,1,0.548405708496288,1
"BDI",10,3,0.6,0.99,0.215639692377275,1,0.265639692377275,1
"BEL",25,3,0.3,0.99,0.201601324682182,0.939277478862414,0.203745828909699,1
"BEN",30,1.5,0.9,0.9,0.344664659655819,0.915341641598625,0.351596331336094,1
"BFA",30,1,0.9,0.99,0.164996782762646,1,0.214996782762646,1
"BGD",30,1,0.9,0.99,0.0879614264402126,1,0.137961426440213,1
"BGR",15,3,0.6,0.99,0.0838245294757201,1,0.13382452947572,1
"BHR",15,1,0.7,0.7,0.321299691732418,0.937973811164714,0.323704929499475,1
"BHS",15,3,0.4,0.9,0.35633995049494,1,0.40633995049494,1
"BIH",30,1,0.6,0.99,1.05973689793362,0.937738246505718,1.06218924863248,1
"BLR",20,1,0.9,0.7,0.11660368477797,1,0.16660368477797,1
"BLZ",5,1.5,0.7,0.8,0.150154346805458,1,0.200154346805458,1
"BMU",5,1,0.6,0.8,2.8608858523533,0.939217318900916,2.86304238857312,1
"BOL",30,2,0.9,0.8,0.201864419964797,0.950386597938144,0.202251017902941,1
"BRA",5,1,0.6,0.7,0.213883896406295,1,0.263883896406295,1
"BRA_4750",30,1,0.8,0.9,0.297217643565341,1,0.347217643565341,1
"BRA_4751",30,1.5,0.7,0.99,0.42598003872765,1,0.47598003872765,1
"BRA_4752",30,1,0.6,0.7,0.166584289534778,1,0.216584289534778,1
"BRA_4753",5,1,0.9,0.99,0.480929106906424,0.999082989454379,0.530012096360803,1
"BRA_4754",30,1.5,0.7,0.9,0.287434768568275,1,0.337434768568275,1
"BRA_4755",30,1,0.6,0.99,0.34892390930507,1,0.39892390930507,1
"BRA_4756",20,3,0.7,0.7,0.338570272185944,0.939735828288387,0.340623106528266,1
"BRA_4757",5,1,0.9,0.9,0.21682406188727,1,0.26682406188727,1
"BRA_4758",30,1,0.6,0.7,0.242447113611584,1,0.292447113611584,1
"BRA_4759",30,1,0.6,0.9,0.441713489073587,1,0.491713489073587,1
"BRA_4760",30,1,0.7,0.99,0.186908182727399,1,0.236908182727399,1
"BRA_4761",5,1,0.7,0.7,0.191132270573106,1,0.241132270573106,1
"BRA_4762",30,1,0.6,0.8,0.231737957178649,1,0.281737957178649,1
"BRA_4763",30,1,0.6,0.99,0.200681403201575,1,0.250681403201575,1
"BRA_4764",30,1.5,0.6,0.7,0.399005579672913,1,0.449005579672913,1
"BRA_4765",30,1,0.9,0.99,0.245528742061288,1,0.295528742061288,1
"BRA_4766",5,1,0.6,0.7,0.254324307186501,1,0.304324307186501,1
"BRA_4767",30,1,0.7,0.8,0.385677339686034,1,0.435677339686034,1
"BRA_4768",5,1,0.7,0.8,0.28310325711611,0.957758031442242,0.290861288558352,1
"BRA_4769",5,1,0.8,0.8,0.322219568534155,1,0.372219568534155,1
"BRA_4770",30,1,0.6,0.8,0.20213869424323,1,0.25213869424323,1
"BRA_4771",15,1,0.9,0.9,0.443168553608533,0.937948953079627,0.445578762992608,1
"BRA_4772",30,1,0.9,0.9,0.155653441464971,0.962132604237867,0.167786045702839,1
"BRA_4773",30,1.5,0.8,0.8,0.221497433243352,1,0.271497433243352,1
"BRA_4774",30,1,0.8,0.99,0.261255132421014,1,0.311255132421014,1
"BRA_4775",15,1,0.8,0.9,0.25553498648018,0.950276243093923,0.255811229574103,1
"BRA_4776",5,1,0.9,0.9,0.271499951551868,1,0.321499951551868,1
"BRB",15,3,0.7,0.8,0.310930023299608,1,0.360930023299608,1
"BRN",30,3,0.4,0.99,0.203905226864768,0.997694081475788,0.251599308340556,1
"BTN",30,1,0.9,0.9,0.145519830136528,1,0.195519830136528,1
"BWA",20,1,0.6,0.9,0.178538211267055,0.975328947368421,0.203867158635476,1
"CAF",5,1.5,0.9,0.9,0.0489238275352212,1,0.0989238275352212,1
"CAN",20,1.5,0.5,0.99,0.0706412080121938,1,0.120641208012194,1
"CHE",10,3,0.3,0.99,0.107144602766793,1,0.157144602766793,1
"CHL",30,3,0.6,0.99,0.241668375863355,0.953084832904884,0.244753208768239,1
"CHN_354",25,1,0.3,0.99,0.153884934856801,0.958600999286224,0.162485934143025,1
"CHN_361",20,1,0.5,0.7,0.283502064783473,0.950045413260672,0.283547478044145,1
"CHN_44533",5,1,0.7,0.7,0.578593878926899,1,0.628593878926899,1
"CHN_491",30,1,0.8,0.7,0.675487555009852,0.999240890688259,0.724728445698111,1
"CHN_492",30,1,0.8,0.7,0.215577456620803,1,0.265577456620803,1
"CHN_493",30,1,0.9,0.99,0.70586070276583,0.994459833795014,0.750320536560844,1
"CHN_494",30,1,0.9,0.8,0.688791200338403,1,0.738791200338403,1
"CHN_495",30,1,0.6,0.9,0.66861325630854,0.98854296388543,0.70715622019397,1
"CHN_496",30,1,0.7,0.99,0.601337073546135,0.996762141967621,0.648099215513757,1
"CHN_497",30,1,0.9,0.99,0.793424711360512,1,0.843424711360512,1
"CHN_498",30,1,0.9,0.7,0.725573216048928,1,0.775573216048928,1
"CHN_499",30,1,0.8,0.9,1.13059530867907,1,1.18059530867907,1
"CHN_500",30,1,0.6,0.99,1.094416426858,1,1.144416426858,1
"CHN_501",30,1,0.9,0.99,2.62440529855649,1,2.67440529855649,1
"CHN_502",20,1,0.6,0.9,0.967460569375365,1,1.01746056937536,1
"CHN_503",30,1,0.9,0.99,0.716389824482605,1,0.766389824482605,1
"CHN_504",30,1,0.6,0.7,0.426518001743875,1,0.476518001743875,1
"CHN_505",30,1,0.6,0.7,0.937565406440454,1,0.987565406440454,1
"CHN_506",30,1,0.6,0.99,0.561874284586847,1,0.611874284586847,1
"CHN_507",30,1,0.6,0.99,0.852560311480509,1,0.902560311480509,1
"CHN_508",30,1,0.9,0.99,0.83399075560075,1,0.88399075560075,1
"CHN_509",30,1,0.8,0.8,0.408419977809576,1,0.458419977809576,1
"CHN_510",30,1,0.6,0.7,0.310214848548429,1,0.360214848548429,1
"CHN_511",30,1,0.8,0.9,0.761808720750033,1,0.811808720750034,1
"CHN_512",30,1,0.8,0.7,0.949937569033982,1,0.999937569033982,1
"CHN_513",30,1,0.8,0.8,0.511507158879883,1,0.561507158879883,1
"CHN_514",30,1,0.7,0.9,0.535749708486006,1,0.585749708486006,1
"CHN_515",30,1,0.8,0.99,0.771375690040911,1,0.821375690040911,1
"CHN_516",30,1,0.6,0.9,0.546477236836752,0.999495586380832,0.595972823217584,1
"CHN_517",20,1,0.8,0.8,0.213160741093801,1,0.263160741093801,1
"CHN_518",30,1.5,0.9,0.8,1.1379050815545,1,1.1879050815545,1
"CHN_519",5,1,0.7,0.9,0.208958223193372,1,0.258958223193372,1
"CHN_520",30,1,0.8,0.99,0.675464638418229,0.976429287863591,0.70189392628182,1
"CHN_521",30,1,0.6,0.7,0.403299694162666,1,0.453299694162666,1
"CIV",25,1,0.8,0.99,0.0920343663704033,1,0.142034366370403,1
"CMR",30,3,0.7,0.9,0.106604987557778,1,0.156604987557778,1
"COD",5,2,0.6,0.9,0.0730866881351293,1,0.123086688135129,1
"COG",15,3,0.9,0.99,0.147020890132304,1,0.197020890132304,1
"COL",10,1,0.9,0.99,0.264521736697746,0.961078998073218,0.275600734770963,1
"COM",20,3,0.9,0.99,0.23806144114449,1,0.28806144114449,1
"CPV",25,1,0.9,0.7,0.25700512188113,0.951111111111111,0.258116232992241,1
"CRI",25,3,0.8,0.99,0.0861152089098782,1,0.136115208909878,1
"CUB",30,1,0.5,0.8,0.163864361470241,0.936202920830131,0.166623777304215,1
"CYP",25,1.5,0.4,0.99,0.200354032218752,0.940046118370484,0.202344808544655,1
"CZE",10,1,0.7,0.9,0.0531914035902168,1,0.103191403590217,1
"DEU",15,3,0.3,0.99,0.0844010110181947,1,0.134401011018195,1
"DJI",30,1,0.6,0.7,0.219769639004136,0.984459984459985,0.25422962346412,1
"DMA",30,3,0.9,0.8,0.325963747190154,1,0.375963747190154,1
"DNK",30,3,0.5,0.99,0.133192989350822,1,0.183192989350822,1
"DOM",5,1,0.9,0.8,0.653716490316735,0.895754716981132,0.664565546920509,1
"DZA",15,1,0.6,0.7,0.0874195759580768,1,0.137419575958077,1
"ECU",25,1,0.6,0.99,0.168778222537902,1,0.218778222537902,1
"EGY",5,1.5,0.8,0.9,0.12131920750827,1,0.17131920750827,1
"ERI",15,1,0.7,0.7,0.0503513785454177,1,0.100351378545418,1
"ESP",10,1,0.3,0.99,0.0453719936157332,1,0.0953719936157332,1
"EST",5,1,0.1,0.9,0.145361282542571,1,0.195361282542571,1
"ETH",30,1,0.6,0.8,0.13504166290924,0.997952917093142,0.182994580002382,1
"FIN",10,3,0.4,0.99,0.0893241415202601,1,0.13932414152026,1
"FJI",15,3,0.6,0.9,0.198509324706242,1,0.248509324706242,1
"FRA",15,3,0.3,0.99,0.0546386563652102,1,0.10463865636521,1
"FSM",10,1,0.8,0.7,0.0869178719001026,1,0.136917871900103,1
"GAB",30,1.5,0.9,0.9,0.217773429894159,0.954414931801866,0.222188361696025,1
"GBR",30,1,0.5,0.99,0.256129000069627,0.927338782924614,0.260661243484705,1
"GBR_433",10,2.5,0.3,0.99,0.117525589993251,1,0.167525589993251,1
"GBR_434",30,3,0.3,0.99,0.190235849746178,1,0.240235849746178,1
"GBR_44643",20,2.5,0.5,0.9,NA,NA,NA,1
"GBR_44644",20,2.5,0.5,0.9,NA,NA,NA,1
"GBR_44645",20,2.5,0.5,0.9,NA,NA,NA,1
"GBR_44646",20,2.5,0.5,0.9,NA,NA,NA,1
"GBR_44647",20,2.5,0.5,0.9,NA,NA,NA,1
"GBR_44648",20,2.5,0.5,0.9,NA,NA,NA,1
"GBR_44649",20,2.5,0.5,0.9,NA,NA,NA,1
"GBR_44650",20,2.5,0.5,0.9,NA,NA,NA,1
"GBR_44651",20,2.5,0.5,0.9,NA,NA,NA,1
"GBR_44652",20,2.5,0.5,0.9,NA,NA,NA,1
"GBR_44653",20,2.5,0.5,0.9,NA,NA,NA,1
"GBR_44654",20,2.5,0.5,0.9,NA,NA,NA,1
"GBR_44655",20,2.5,0.5,0.9,NA,NA,NA,1
"GBR_44656",20,2.5,0.5,0.9,NA,NA,NA,1
"GBR_44657",20,2.5,0.5,0.9,NA,NA,NA,1
"GBR_44658",20,2.5,0.5,0.9,NA,NA,NA,1
"GBR_44659",20,2.5,0.5,0.9,NA,NA,NA,1
"GBR_44660",20,2.5,0.5,0.9,NA,NA,NA,1
"GBR_44661",20,2.5,0.5,0.9,NA,NA,NA,1
"GBR_44662",20,2.5,0.5,0.9,NA,NA,NA,1
"GBR_44663",20,2.5,0.5,0.9,NA,NA,NA,1
"GBR_44664",20,2.5,0.5,0.9,NA,NA,NA,1
"GBR_44665",20,2.5,0.5,0.9,NA,NA,NA,1
"GBR_44666",20,2.5,0.5,0.9,NA,NA,NA,1
"GBR_44667",20,2.5,0.5,0.9,NA,NA,NA,1
"GBR_44668",20,2.5,0.5,0.9,NA,NA,NA,1
"GBR_44669",20,2.5,0.5,0.9,NA,NA,NA,1
"GBR_44670",20,2.5,0.5,0.9,NA,NA,NA,1
"GBR_44671",20,2.5,0.5,0.9,NA,NA,NA,1
"GBR_44672",20,2.5,0.5,0.9,NA,NA,NA,1
"GBR_44673",20,2.5,0.5,0.9,NA,NA,NA,1
"GBR_44674",20,2.5,0.5,0.9,NA,NA,NA,1
"GBR_44675",20,2.5,0.5,0.9,NA,NA,NA,1
"GBR_44676",20,2.5,0.5,0.9,NA,NA,NA,1
"GBR_44677",20,2.5,0.5,0.9,NA,NA,NA,1
"GBR_44678",20,2.5,0.5,0.9,NA,NA,NA,1
"GBR_44679",20,2.5,0.5,0.9,NA,NA,NA,1
"GBR_44680",20,2.5,0.5,0.9,NA,NA,NA,1
"GBR_44681",20,2.5,0.5,0.9,NA,NA,NA,1
"GBR_44682",20,2.5,0.5,0.9,NA,NA,NA,1
"GBR_44683",20,2.5,0.5,0.9,NA,NA,NA,1
"GBR_44684",20,2.5,0.5,0.9,NA,NA,NA,1
"GBR_44685",20,2.5,0.5,0.9,NA,NA,NA,1
"GBR_44686",20,2.5,0.5,0.9,NA,NA,NA,1
"GBR_44687",20,2.5,0.5,0.9,NA,NA,NA,1
"GBR_44688",20,2.5,0.5,0.9,NA,NA,NA,1
"GBR_44689",20,2.5,0.5,0.9,NA,NA,NA,1
"GBR_44690",20,2.5,0.5,0.9,NA,NA,NA,1
"GBR_44691",20,2.5,0.5,0.9,NA,NA,NA,1
"GBR_44692",20,2.5,0.5,0.9,NA,NA,NA,1
"GBR_44693",20,2.5,0.5,0.9,NA,NA,NA,1
"GBR_44694",20,2.5,0.5,0.9,NA,NA,NA,1
"GBR_44695",20,2.5,0.5,0.9,NA,NA,NA,1
"GBR_44696",20,2.5,0.5,0.9,NA,NA,NA,1
"GBR_44697",20,2.5,0.5,0.9,NA,NA,NA,1
"GBR_44698",20,2.5,0.5,0.9,NA,NA,NA,1
"GBR_44699",20,2.5,0.5,0.9,NA,NA,NA,1
"GBR_44700",20,2.5,0.5,0.9,NA,NA,NA,1
"GBR_44701",20,2.5,0.5,0.9,NA,NA,NA,1
"GBR_44702",20,2.5,0.5,0.9,NA,NA,NA,1
"GBR_44703",20,2.5,0.5,0.9,NA,NA,NA,1
"GBR_44704",20,2.5,0.5,0.9,NA,NA,NA,1
"GBR_44705",20,2.5,0.5,0.9,NA,NA,NA,1
"GBR_44706",20,2.5,0.5,0.9,NA,NA,NA,1
"GBR_44707",20,2.5,0.5,0.9,NA,NA,NA,1
"GBR_44708",20,2.5,0.5,0.9,NA,NA,NA,1
"GBR_44709",20,2.5,0.5,0.9,NA,NA,NA,1
"GBR_44710",20,2.5,0.5,0.9,NA,NA,NA,1
"GBR_44711",20,2.5,0.5,0.9,NA,NA,NA,1
"GBR_44712",20,2.5,0.5,0.9,NA,NA,NA,1
"GBR_44713",20,2.5,0.5,0.9,NA,NA,NA,1
"GBR_44714",20,2.5,0.5,0.9,NA,NA,NA,1
"GBR_44715",20,2.5,0.5,0.9,NA,NA,NA,1
"GBR_44716",20,2.5,0.5,0.9,NA,NA,NA,1
"GBR_44717",20,2.5,0.5,0.9,NA,NA,NA,1
"GBR_44718",20,2.5,0.5,0.9,NA,NA,NA,1
"GBR_44719",20,2.5,0.5,0.9,NA,NA,NA,1
"GBR_44720",20,2.5,0.5,0.9,NA,NA,NA,1
"GBR_44721",20,2.5,0.5,0.9,NA,NA,NA,1
"GBR_44722",20,2.5,0.5,0.9,NA,NA,NA,1
"GBR_44723",20,2.5,0.5,0.9,NA,NA,NA,1
"GBR_44724",20,2.5,0.5,0.9,NA,NA,NA,1
"GBR_44725",20,2.5,0.5,0.9,NA,NA,NA,1
"GBR_44726",20,2.5,0.5,0.9,NA,NA,NA,1
"GBR_44727",20,2.5,0.5,0.9,NA,NA,NA,1
"GBR_44728",20,2.5,0.5,0.9,NA,NA,NA,1
"GBR_44729",20,2.5,0.5,0.9,NA,NA,NA,1
"GBR_44730",20,2.5,0.5,0.9,NA,NA,NA,1
"GBR_44731",20,2.5,0.5,0.9,NA,NA,NA,1
"GBR_44732",20,2.5,0.5,0.9,NA,NA,NA,1
"GBR_44733",20,2.5,0.5,0.9,NA,NA,NA,1
"GBR_44734",20,2.5,0.5,0.9,NA,NA,NA,1
"GBR_44735",20,2.5,0.5,0.9,NA,NA,NA,1
"GBR_44736",20,2.5,0.5,0.9,NA,NA,NA,1
"GBR_44737",20,2.5,0.5,0.9,NA,NA,NA,1
"GBR_44738",20,2.5,0.5,0.9,NA,NA,NA,1
"GBR_44739",20,2.5,0.5,0.9,NA,NA,NA,1
"GBR_44740",20,2.5,0.5,0.9,NA,NA,NA,1
"GBR_44741",20,2.5,0.5,0.9,NA,NA,NA,1
"GBR_44742",20,2.5,0.5,0.9,NA,NA,NA,1
"GBR_44743",20,2.5,0.5,0.9,NA,NA,NA,1
"GBR_44744",20,2.5,0.5,0.9,NA,NA,NA,1
"GBR_44745",20,2.5,0.5,0.9,NA,NA,NA,1
"GBR_44746",20,2.5,0.5,0.9,NA,NA,NA,1
"GBR_44747",20,2.5,0.5,0.9,NA,NA,NA,1
"GBR_44748",20,2.5,0.5,0.9,NA,NA,NA,1
"GBR_44749",20,2.5,0.5,0.9,NA,NA,NA,1
"GBR_44750",20,2.5,0.5,0.9,NA,NA,NA,1
"GBR_44751",20,2.5,0.5,0.9,NA,NA,NA,1
"GBR_44752",20,2.5,0.5,0.9,NA,NA,NA,1
"GBR_44753",20,2.5,0.5,0.9,NA,NA,NA,1
"GBR_44754",20,2.5,0.5,0.9,NA,NA,NA,1
"GBR_44755",20,2.5,0.5,0.9,NA,NA,NA,1
"GBR_44756",20,2.5,0.5,0.9,NA,NA,NA,1
"GBR_44757",20,2.5,0.5,0.9,NA,NA,NA,1
"GBR_44758",20,2.5,0.5,0.9,NA,NA,NA,1
"GBR_44759",20,2.5,0.5,0.9,NA,NA,NA,1
"GBR_44760",20,2.5,0.5,0.9,NA,NA,NA,1
"GBR_44761",20,2.5,0.5,0.9,NA,NA,NA,1
"GBR_44762",20,2.5,0.5,0.9,NA,NA,NA,1
"GBR_44763",20,2.5,0.5,0.9,NA,NA,NA,1
"GBR_44764",20,2.5,0.5,0.9,NA,NA,NA,1
"GBR_44765",20,2.5,0.5,0.9,NA,NA,NA,1
"GBR_44766",20,2.5,0.5,0.9,NA,NA,NA,1
"GBR_44767",20,2.5,0.5,0.9,NA,NA,NA,1
"GBR_44768",20,2.5,0.5,0.9,NA,NA,NA,1
"GBR_44769",20,2.5,0.5,0.9,NA,NA,NA,1
"GBR_44770",20,2.5,0.5,0.9,NA,NA,NA,1
"GBR_44771",20,2.5,0.5,0.9,NA,NA,NA,1
"GBR_44772",20,2.5,0.5,0.9,NA,NA,NA,1
"GBR_44773",20,2.5,0.5,0.9,NA,NA,NA,1
"GBR_44774",20,2.5,0.5,0.9,NA,NA,NA,1
"GBR_44775",20,2.5,0.5,0.9,NA,NA,NA,1
"GBR_44776",20,2.5,0.5,0.9,NA,NA,NA,1
"GBR_44777",20,2.5,0.5,0.9,NA,NA,NA,1
"GBR_44778",20,2.5,0.5,0.9,NA,NA,NA,1
"GBR_44779",20,2.5,0.5,0.9,NA,NA,NA,1
"GBR_44780",20,2.5,0.5,0.9,NA,NA,NA,1
"GBR_44781",20,2.5,0.5,0.9,NA,NA,NA,1
"GBR_44782",20,2.5,0.5,0.9,NA,NA,NA,1
"GBR_44783",20,2.5,0.5,0.9,NA,NA,NA,1
"GBR_44784",20,2.5,0.5,0.9,NA,NA,NA,1
"GBR_44785",20,2.5,0.5,0.9,NA,NA,NA,1
"GBR_44786",20,2.5,0.5,0.9,NA,NA,NA,1
"GBR_44787",20,2.5,0.5,0.9,NA,NA,NA,1
"GBR_44788",20,2.5,0.5,0.9,NA,NA,NA,1
"GBR_44789",20,2.5,0.5,0.9,NA,NA,NA,1
"GBR_44790",20,2.5,0.5,0.9,NA,NA,NA,1
"GBR_44791",20,2.5,0.5,0.9,NA,NA,NA,1
"GBR_44792",20,2.5,0.5,0.9,NA,NA,NA,1
"GBR_4618",15,1,0.4,0.99,0.101440318347668,1,0.151440318347668,1
"GBR_4619",30,3,0.4,0.99,0.223734873312301,1,0.273734873312301,1
"GBR_4620",30,1.5,0.5,0.99,0.279965768475378,0.946466809421842,0.28067240659101,1
"GBR_4621",30,2,0.3,0.99,0.270986232973965,0.965738758029979,0.286724991003943,1
"GBR_4622",30,2,0.3,0.99,0.298058819924682,0.952177016416845,0.300235836341527,1
"GBR_4623",20,3,0.5,0.99,0.0911429057989578,1,0.141142905798958,1
"GBR_4624",30,1.5,0.3,0.99,0.340277617205949,0.922198429693076,0.345837931267334,1
"GBR_4625",30,2.5,0.4,0.99,0.255161068850731,0.952177016416845,0.257338085267576,1
"GBR_4626",30,2.5,0.3,0.99,0.226269417390731,0.947894361170592,0.226690545156612,1
"GBR_4636",30,2.5,0.3,0.99,0.210611206888476,0.937901498929336,0.213030907102608,1
"GBR_4749",20,2.5,0.5,0.9,NA,NA,NA,1
"GEO",15,1,0.9,0.9,0.309645513075919,1,0.359645513075919,1
"GHA",30,3,0.6,0.99,0.0895158184534065,0.985563237088247,0.125079055541654,1
"GIN",30,2,0.9,0.9,0.115182569173254,1,0.165182569173254,1
"GMB",30,1,0.8,0.8,0.272043101243302,0.995355587808418,0.31739868905172,1
"GNB",30,1,0.7,0.99,0.194354157019972,1,0.244354157019972,1
"GNQ",25,3,0.7,0.9,0.162899047152948,1,0.212899047152948,1
"GRC",30,1,0.3,0.99,0.11558709316234,0.969254419677171,0.134841512839511,1
"GRD",10,3,0.8,0.7,0.25486667970188,1,0.30486667970188,1
"GRL",30,2,0.4,0.99,0.350138242045291,0.933618843683084,0.353414473308674,1
"GTM",30,1,0.8,0.8,0.144958185085284,1,0.194958185085284,1
"GUM",25,3,0.7,0.99,0.38066768198555,0.926210607225211,0.385425560540507,1
"GUY",30,1,0.6,0.99,0.271388199819559,0.970971343505769,0.292359543325328,1
"HND",30,1,0.6,0.9,0.271359123289076,1,0.321359123289076,1
"HRV",30,1,0.9,0.8,0.0846786904939829,1,0.134678690493983,1
"HTI",5,2.5,0.9,0.99,0.121776094468933,1,0.171776094468933,1
"HUN",5,2.5,0.7,0.99,0.0771094657461292,1,0.127109465746129,1
"IDN",30,2,0.6,0.8,0.200701717468808,0.991963450211923,0.24266516768073,1
"IDN_4709",30,2,0.6,0.8,NA,NA,NA,1
"IDN_4710",30,2,0.6,0.8,NA,NA,NA,1
"IDN_4711",30,2,0.6,0.8,NA,NA,NA,1
"IDN_4712",30,2,0.6,0.8,NA,NA,NA,1
"IDN_4713",30,2,0.6,0.8,NA,NA,NA,1
"IDN_4714",30,2,0.6,0.8,NA,NA,NA,1
"IDN_4715",30,2,0.6,0.8,NA,NA,NA,1
"IDN_4716",30,2,0.6,0.8,NA,NA,NA,1
"IDN_4717",30,2,0.6,0.8,NA,NA,NA,1
"IDN_4718",30,2,0.6,0.8,NA,NA,NA,1
"IDN_4719",30,2,0.6,0.8,NA,NA,NA,1
"IDN_4720",30,2,0.6,0.8,NA,NA,NA,1
"IDN_4721",30,2,0.6,0.8,NA,NA,NA,1
"IDN_4722",30,2,0.6,0.8,NA,NA,NA,1
"IDN_4723",30,2,0.6,0.8,NA,NA,NA,1
"IDN_4724",30,2,0.6,0.8,NA,NA,NA,1
"IDN_4725",30,2,0.6,0.8,NA,NA,NA,1
"IDN_4726",30,2,0.6,0.8,NA,NA,NA,1
"IDN_4727",30,2,0.6,0.8,NA,NA,NA,1
"IDN_4728",30,2,0.6,0.8,NA,NA,NA,1
"IDN_4729",30,2,0.6,0.8,NA,NA,NA,1
"IDN_4730",30,2,0.6,0.8,NA,NA,NA,1
"IDN_4731",30,2,0.6,0.8,NA,NA,NA,1
"IDN_4732",30,2,0.6,0.8,NA,NA,NA,1
"IDN_4733",30,2,0.6,0.8,NA,NA,NA,1
"IDN_4734",30,2,0.6,0.8,NA,NA,NA,1
"IDN_4735",30,2,0.6,0.8,NA,NA,NA,1
"IDN_4736",30,2,0.6,0.8,NA,NA,NA,1
"IDN_4737",30,2,0.6,0.8,NA,NA,NA,1
"IDN_4738",30,2,0.6,0.8,NA,NA,NA,1
"IDN_4739",30,2,0.6,0.8,NA,NA,NA,1
"IDN_4740",30,2,0.6,0.8,NA,NA,NA,1
"IDN_4741",30,2,0.6,0.8,NA,NA,NA,1
"IDN_4742",30,2,0.6,0.8,NA,NA,NA,1
"IND",30,2,0.7,0.99,0.0977711247778443,1,0.147771124777844,1
"IND_43872",5,2,0.7,0.9,0.327825570404713,1,0.377825570404713,1
"IND_43873",5,1,0.6,0.99,0.53547961936796,0.969597907813011,0.555077527180971,1
"IND_43874",30,1,0.8,0.7,0.372038060902464,0.977597840755736,0.3996359016582,1
"IND_43875",30,3,0.8,0.8,0.194701141114922,1,0.244701141114922,1
"IND_43877",10,3,0.9,0.8,0.185681509347413,1,0.235681509347413,1
"IND_43880",10,3,0.9,0.7,0.405517016503602,1,0.455517016503602,1
"IND_43881",30,1,0.9,0.8,0.30806260447907,1,0.35806260447907,1
"IND_43882",5,2,0.7,0.8,0.271367322641004,1,0.321367322641004,1
"IND_43883",30,1,0.8,0.8,0.335252791424864,1,0.385252791424864,1
"IND_43884",30,2,0.8,0.99,0.465169618091948,0.94720408742549,0.46572880060685,1
"IND_43885",30,1,0.6,0.7,0.52905149298228,0.964665249734325,0.543716742716605,1
"IND_43886",5,1,0.9,0.8,0.218889224976336,1,0.268889224976336,1
"IND_43887",10,3,0.9,0.7,0.249313652229804,1,0.299313652229804,1
"IND_43888",25,2.5,0.8,0.99,0.34156733581806,0.992613111726685,0.384180447544745,1
"IND_43890",30,1,0.8,0.7,0.326212285059603,0.978260869565217,0.35447315462482,1
"IND_43891",10,3,0.8,0.9,0.242495108522591,1,0.292495108522591,1
"IND_43892",30,1,0.9,0.9,0.286891919393108,1,0.336891919393108,1
"IND_43893",30,2,0.8,0.99,0.319526532290147,0.944410507025046,0.320644430885138,1
"IND_43894",30,1,0.6,0.7,0.590228735179675,0.875541438059486,0.605120447567778,1
"IND_43895",30,1.5,0.9,0.99,0.350719733402743,0.948868398994132,0.350946053603917,1
"IND_43896",30,3,0.9,0.99,0.197833328332895,1,0.247833328332895,1
"IND_43898",10,3,0.6,0.9,0.306966501644863,1,0.356966501644863,1
"IND_43899",30,3,0.8,0.99,0.146155280504922,0.987107623318386,0.183262903823308,1
"IND_43900",30,1,0.9,0.7,0.351500285068919,0.995391705069124,0.396891990138043,1
"IND_43901",20,3,0.8,0.9,0.257258133651984,1,0.307258133651984,1
"IND_43902",15,3,0.9,0.99,0.257173038982567,1,0.307173038982567,1
"IND_43903",5,1,0.9,0.9,0.806087123073923,0.947478991596639,0.806591324754595,1
"IND_43904",25,3,0.8,0.9,0.112754747323402,1,0.162754747323402,1
"IND_43905",30,1.5,0.6,0.8,0.263520204374675,0.956326987681971,0.269847192056646,1
"IND_43906",15,3,0.7,0.8,0.192359945068766,1,0.242359945068766,1
"IND_43908",30,1,0.6,0.9,0.635468926310785,1,0.685468926310785,1
"IND_43909",30,1,0.6,0.99,0.679065804811707,1,0.729065804811707,1
"IND_43910",30,2,0.7,0.99,0.476990597638258,1,0.526990597638258,1
"IND_43911",30,1,0.7,0.8,0.264529705350818,1,0.314529705350818,1
"IND_43913",30,1,0.7,0.7,0.361475378523081,1,0.411475378523081,1
"IND_43916",30,1,0.8,0.7,0.389561630665382,1,0.439561630665382,1
"IND_43917",30,1,0.7,0.9,0.548837704866874,0.959939301972686,0.55877700683956,1
"IND_43918",30,1,0.8,0.8,0.215949528915291,1,0.265949528915291,1
"IND_43919",30,1,0.6,0.8,0.149216374510996,1,0.199216374510996,1
"IND_43920",25,1,0.8,0.9,0.164889129725808,1,0.214889129725808,1
"IND_43921",30,1,0.7,0.8,0.920097455715936,0.986326109391125,0.956423565107061,1
"IND_43922",30,1,0.8,0.9,0.187639142070046,1,0.237639142070046,1
"IND_43923",30,1,0.8,0.99,0.136189794646103,1,0.186189794646103,1
"IND_43924",30,1,0.9,0.99,0.378801579037384,1,0.428801579037384,1
"IND_43926",30,1,0.7,0.7,0.24662015660562,1,0.29662015660562,1
"IND_43927",30,1,0.6,0.9,0.0960171152698023,1,0.146017115269802,1
"IND_43928",30,1,0.8,0.99,0.363451925121839,0.987196585756202,0.40064851087804,1
"IND_43929",30,1,0.8,0.8,0.510936924630261,0.94716459197787,0.511504006234687,1
"IND_43930",30,1,0.8,0.99,0.51159399313022,0.997152799746916,0.558746792877136,1
"IND_43931",30,1,0.6,0.7,0.263792868709027,1,0.313792868709027,1
"IND_43932",30,1,0.7,0.7,0.166729033216151,1,0.216729033216151,1
"IND_43934",30,1,0.8,0.99,0.169307989373832,1,0.219307989373832,1
"IND_43935",30,1,0.9,0.99,0.208302621087016,1,0.258302621087016,1
"IND_43936",30,1,0.9,0.7,0.358944987413391,1,0.408944987413391,1
"IND_43937",30,1.5,0.6,0.7,0.189818161158959,1,0.239818161158959,1
"IND_43938",30,1.5,0.9,0.8,1.13008388836179,1,1.18008388836179,1
"IND_43939",30,1,0.9,0.8,0.354996088708224,0.977937267410952,0.382933356119175,1
"IND_43940",30,1,0.6,0.8,0.104681821293309,1,0.154681821293309,1
"IND_43941",30,1,0.6,0.8,0.197602970377372,1,0.247602970377372,1
"IND_43942",30,1,0.9,0.99,0.143915002768788,1,0.193915002768788,1
"IND_44538",30,1,0.8,0.7,1.19805123479105,1,1.24805123479105,1
"IND_44539",30,1,0.8,0.9,0.784510186013292,1,0.834510186013292,1
"IND_44540",20,3,0.8,0.8,0.0908771935019672,1,0.140877193501967,1
"IND_4841",30,1,0.9,0.7,0.156196027873766,1,0.206196027873766,1
"IND_4842",30,1,0.8,0.7,7.28776488027068,1,7.33776488027068,1
"IND_4843",25,3,0.7,0.99,0.428226368228322,1,0.478226368228322,1
"IND_4844",30,1,0.7,0.8,0.133805668965145,1,0.183805668965145,1
"IND_4846",30,1.5,0.6,0.8,0.168980084339084,1,0.218980084339084,1
"IND_4849",5,1,0.7,0.9,1.19284017969919,1,1.24284017969919,1
"IND_4850",30,1,0.6,0.7,0.836500177273859,1,0.886500177273859,1
"IND_4851",25,3,0.7,0.8,0.130948125149728,1,0.180948125149728,1
"IND_4852",25,3,0.6,0.7,0.176439962609957,1,0.226439962609957,1
"IND_4853",30,1,0.6,0.99,0.13398967985112,1,0.18398967985112,1
"IND_4854",30,1,0.7,0.7,0.736671254598732,1,0.786671254598732,1
"IND_4855",30,1,0.8,0.99,0.135692810956065,1,0.185692810956065,1
"IND_4856",25,2.5,0.9,0.9,0.109815314164095,1,0.159815314164095,1
"IND_4857",30,1,0.7,0.7,0.427870972368913,1,0.477870972368913,1
"IND_4859",30,1,0.6,0.99,0.112314856498517,1,0.162314856498518,1
"IND_4860",20,3,0.7,0.9,0.0957387058107203,1,0.14573870581072,1
"IND_4861",30,1,0.6,0.8,0.391562416525712,1,0.441562416525712,1
"IND_4862",30,1,0.7,0.9,0.355718866826708,1,0.405718866826708,1
"IND_4863",30,1,0.8,0.8,0.629362630475822,1,0.679362630475822,1
"IND_4864",5,1,0.6,0.8,5.82224196127555,1,5.87224196127555,1
"IND_4865",30,1,0.7,0.7,0.0980129785222597,1,0.14801297852226,1
"IND_4867",30,2,0.9,0.7,0.0881270861755059,1,0.138127086175506,1
"IND_4868",30,1,0.6,0.9,0.100382402405607,1,0.150382402405607,1
"IND_4869",30,1,0.8,0.7,5.91257173901549,1,5.96257173901549,1
"IND_4870",30,1.5,0.6,0.8,0.102867232789579,1,0.152867232789579,1
"IND_4871",30,1,0.6,0.9,0.298970427144481,1,0.348970427144481,1
"IND_4872",30,1,0.7,0.9,0.261849592744628,1,0.311849592744628,1
"IND_4873",30,2,0.6,0.7,0.0648160097764454,1,0.114816009776445,1
"IND_4874",30,2,0.6,0.8,0.157143060410733,1,0.207143060410733,1
"IND_4875",25,1,0.9,0.7,0.0664059824258981,1,0.116405982425898,1
"IRL",30,3,0.4,0.99,0.136649392798606,1,0.186649392798606,1
"IRN",5,1,0.8,0.99,0.605773940194305,1,0.655773940194305,1
"IRQ",30,1,0.8,0.9,0.141119709019069,0.981955440986927,0.173075150005995,1
"ISL",30,1,0.5,0.99,0.262349935329342,0.96669442131557,0.279044356644913,1
"ISR",30,3,0.3,0.99,0.172589139598043,1,0.222589139598043,1
"ITA",15,3,0.5,0.99,0.0549396272089253,1,0.104939627208925,1
"JAM",5,1,0.9,0.99,0.327237784331492,1,0.377237784331492,1
"JOR",30,1,0.6,0.9,0.21482396410329,0.932638436482085,0.218296276806873,1
"JPN",30,2,0.3,0.99,0.0336920906622753,1,0.0836920906622753,1
"JPN_35424",15,2.5,0.5,0.7,0.0960878693590186,1,0.146087869359019,1
"JPN_35425",5,3,0.5,0.7,0.150153441703611,1,0.200153441703611,1
"JPN_35426",20,3,0.5,0.8,0.163926139674142,1,0.213926139674142,1
"JPN_35427",30,2.5,0.5,0.9,0.0919767384186694,1,0.141976738418669,1
"JPN_35428",5,2.5,0.5,0.8,0.15405429434776,1,0.20405429434776,1
"JPN_35429",10,2.5,0.5,0.99,0.162379282655704,1,0.212379282655704,1
"JPN_35430",30,2,0.5,0.99,0.167697867269969,0.999167360532889,0.216865227802858,1
"JPN_35431",30,2.5,0.5,0.9,0.0889669768914454,1,0.138966976891445,1
"JPN_35432",10,3,0.4,0.99,0.124940943906457,1,0.174940943906457,1
"JPN_35433",5,3,0.5,0.99,0.109885097406663,1,0.159885097406663,1
"JPN_35434",10,2.5,0.4,0.8,0.0984713727333996,1,0.1484713727334,1
"JPN_35435",30,3,0.4,0.99,0.0532519274169712,1,0.103251927416971,1
"JPN_35436",25,2.5,0.4,0.7,0.0653733376281408,1,0.115373337628141,1
"JPN_35437",15,3,0.5,0.99,0.0924950866764646,1,0.142495086676465,1
"JPN_35438",5,2.5,0.4,0.9,0.0961216329344354,1,0.146121632934435,1
"JPN_35439",30,2,0.5,0.99,0.14701536994677,1,0.19701536994677,1
"JPN_35440",5,3,0.4,0.9,0.148306082717065,1,0.198306082717065,1
"JPN_35441",5,3,0.4,0.8,0.135677835720927,1,0.185677835720927,1
"JPN_35442",20,1,0.5,0.7,0.164768786302161,1,0.214768786302161,1
"JPN_35443",25,2,0.4,0.8,0.103619155296294,1,0.153619155296294,1
"JPN_35444",30,3,0.4,0.99,0.125787533006752,1,0.175787533006752,1
"JPN_35445",10,2.5,0.4,0.8,0.114867827997362,1,0.164867827997362,1
"JPN_35446",30,3,0.5,0.99,0.0956892265634016,1,0.145689226563402,1
"JPN_35447",25,2.5,0.5,0.7,0.183518999008909,0.98917568692756,0.22269468593647,1
"JPN_35448",15,2.5,0.5,0.99,0.115334421058727,1,0.165334421058727,1
"JPN_35449",25,2.5,0.4,0.9,0.10919340020557,1,0.15919340020557,1
"JPN_35450",20,2.5,0.5,0.99,0.0716165327233014,1,0.121616532723301,1
"JPN_35451",30,2,0.5,0.7,0.0493094451276709,1,0.0993094451276709,1
"JPN_35452",5,2.5,0.4,0.9,0.170375099488557,1,0.220375099488557,1
"JPN_35453",30,1.5,0.5,0.99,0.128436786109549,1,0.178436786109549,1
"JPN_35454",30,1,0.5,0.8,0.230451042335377,0.963363863447127,0.243814905782505,1
"JPN_35455",30,1,0.5,0.7,0.143428314130597,1,0.193428314130597,1
"JPN_35456",10,2.5,0.5,0.8,0.125810682497967,1,0.175810682497967,1
"JPN_35457",20,2.5,0.4,0.99,0.141086804713075,1,0.191086804713075,1
"JPN_35458",10,2.5,0.4,0.99,0.122692823099406,1,0.172692823099406,1
"JPN_35459",30,2.5,0.5,0.99,0.16460876710398,1,0.21460876710398,1
"JPN_35460",5,2.5,0.5,0.7,0.175295501546376,1,0.225295501546376,1
"JPN_35461",5,2,0.4,0.8,0.130297015090672,1,0.180297015090672,1
"JPN_35462",30,1.5,0.5,0.7,0.306090477249963,0.980016652789342,0.336107130039305,1
"JPN_35463",30,2,0.4,0.9,0.101686755836095,1,0.151686755836095,1
"JPN_35464",25,1.5,0.5,0.7,0.181445983561199,1,0.231445983561199,1
"JPN_35465",25,3,0.5,0.9,0.131314246316418,1,0.181314246316418,1
"JPN_35466",30,2,0.5,0.7,0.142029556068228,1,0.192029556068228,1
"JPN_35467",20,3,0.5,0.9,0.132123922102992,1,0.182123922102991,1
"JPN_35468",30,1.5,0.5,0.8,0.158816723978572,1,0.208816723978572,1
"JPN_35469",10,3,0.5,0.7,0.109547796902394,1,0.159547796902394,1
"JPN_35470",5,2.5,0.5,0.9,0.157273411551837,1,0.207273411551837,1
"KAZ",10,1.5,0.8,0.9,0.248989398100027,1,0.298989398100027,1
"KEN",15,1,0.8,0.7,0.250408942742941,0.987949703108627,0.288358645851568,1
"KEN_35617",30,1,0.7,0.8,0.687914662625725,0.975219298245614,0.713133960871339,1
"KEN_35618",30,1,0.6,0.9,1.54321075713498,0.832163229486617,1.56677811123765,1
"KEN_35619",5,1,0.6,0.7,0.193159068278608,1,0.243159068278608,1
"KEN_35620",10,1.5,0.6,0.9,0.156797623248986,1,0.206797623248986,1
"KEN_35621",30,1,0.7,0.9,0.560854612558074,1,0.610854612558074,1
"KEN_35622",30,2.5,0.9,0.99,0.650342834895925,0.949024013481253,0.650538032199674,1
"KEN_35623",30,1,0.6,0.9,1.2216342333556,0.923179311656208,1.22699837102436,1
"KEN_35624",30,1,0.9,0.7,0.172973598087357,0.987497829484285,0.210471427571643,1
"KEN_35625",30,1,0.9,0.7,0.895559307998705,0.982486173294706,0.928045481293411,1
"KEN_35626",30,1,0.8,0.9,0.741662324487913,0.980987762237762,0.772650086725675,1
"KEN_35627",5,2,0.9,0.7,0.167269835819459,1,0.217269835819459,1
"KEN_35628",30,1,0.6,0.7,0.556581397586082,0.97630755476084,0.582888952346923,1
"KEN_35629",30,1,0.6,0.9,0.907680136797661,0.890967056323061,0.919486725533049,1
"KEN_35630",30,1,0.9,0.99,0.405861888113327,0.998502353444587,0.454364241557914,1
"KEN_35631",30,1,0.9,0.9,0.435266613729487,0.968370883882149,0.453637497611636,1
"KEN_35632",5,1,0.8,0.99,0.303612110974793,1,0.353612110974793,1
"KEN_35633",25,3,0.9,0.7,0.223859965861363,0.971783674840443,0.245643640701806,1
"KEN_35634",10,1,0.9,0.7,0.271892440142817,0.994971634863332,0.316864075006148,1
"KEN_35635",20,1,0.7,0.9,0.305322148056349,0.997860504920839,0.353182652977188,1
"KEN_35636",30,1,0.6,0.7,0.740851989699538,1,0.790851989699538,1
"KEN_35637",30,1,0.7,0.9,0.484549860986112,1,0.534549860986112,1
"KEN_35638",5,1,0.9,0.9,0.52669147946814,0.986958723727526,0.563650203195666,1
"KEN_35639",20,1,0.9,0.7,0.339170607169954,1,0.389170607169953,1
"KEN_35640",30,2.5,0.8,0.8,1.32332179101692,0.973569119604488,1.3468909106214,1
"KEN_35641",30,1,0.9,0.9,0.463960492667749,0.994673768308921,0.50863426097667,1
"KEN_35642",30,1,0.7,0.8,0.5442374897155,0.986950986632718,0.581188476348218,1
"KEN_35643",20,3,0.8,0.7,0.191186978883709,1,0.241186978883709,1
"KEN_35644",5,1,0.8,0.8,0.599930258272683,0.995515695067265,0.645445953339948,1
"KEN_35645",30,1,0.8,0.8,0.366374611734641,0.912996545768566,0.373775302580928,1
"KEN_35646",30,1,0.9,0.9,0.272149679049955,0.954134231011992,0.276283910061948,1
"KEN_35647",25,1,0.6,0.7,0.400277057903265,0.984924623115578,0.435201681018843,1
"KEN_35648",30,1,0.8,0.7,0.308467172764509,0.952150797486709,0.310617970251217,1
"KEN_35649",30,1,0.8,0.9,0.559153364523218,0.960025247212287,0.569178611735505,1
"KEN_35650",30,1,0.7,0.9,0.431369012752362,0.990860321875621,0.472229334627983,1
"KEN_35651",15,1,0.9,0.99,0.344381387277811,1,0.394381387277811,1
"KEN_35652",30,1,0.7,0.7,0.274050454766602,0.966605672461116,0.290656127227718,1
"KEN_35653",30,2,0.6,0.7,0.58376252568326,1,0.63376252568326,1
"KEN_35654",20,3,0.8,0.9,0.186460054764952,1,0.236460054764952,1
"KEN_35655",30,1,0.7,0.9,0.264207672635627,0.965768078733419,0.279975751369046,1
"KEN_35656",30,1,0.9,0.8,0.452147338203809,0.912340619307832,0.459679214342242,1
"KEN_35657",5,1,0.6,0.9,0.470945950573709,0.983745231381655,0.504691181955365,1
"KEN_35658",30,1,0.8,0.9,0.482717792689048,0.892425650557621,0.494232662577524,1
"KEN_35659",30,2,0.8,0.99,0.82848547762864,0.947646103896104,0.828956256849419,1
"KEN_35660",30,1,0.6,0.99,0.374531036145684,0.969191270860077,0.393722307005761,1
"KEN_35661",25,2.5,0.9,0.7,0.331371866476042,0.992189759907434,0.373561626383476,1
"KEN_35662",30,2,0.9,0.7,1.20745132387224,1,1.25745132387224,1
"KEN_35663",30,1,0.7,0.7,0.424969023120558,0.950593364010656,0.425562387131214,1
"KEN_44793",15,1,0.8,0.7,NA,NA,NA,1
"KEN_44794",15,1,0.8,0.7,NA,NA,NA,1
"KEN_44795",15,1,0.8,0.7,NA,NA,NA,1
"KEN_44796",15,1,0.8,0.7,NA,NA,NA,1
"KEN_44797",15,1,0.8,0.7,NA,NA,NA,1
"KEN_44798",15,1,0.8,0.7,NA,NA,NA,1
"KEN_44799",15,1,0.8,0.7,NA,NA,NA,1
"KEN_44800",15,1,0.8,0.7,NA,NA,NA,1
"KGZ",30,1.5,0.7,0.9,0.274188421260008,0.995404562612834,0.319592983872842,1
"KHM",15,1,0.7,0.7,0.443339242021702,1,0.493339242021702,1
"KIR",15,3,0.8,0.9,0.210374254660316,1,0.260374254660316,1
"KOR",5,2,0.5,0.99,0.102585279211117,1,0.152585279211117,1
"KWT",15,3,0.8,0.9,0.158136920257997,1,0.208136920257997,1
"LAO",15,3,0.7,0.9,0.121399800260006,1,0.171399800260006,1
"LBN",5,1,0.8,0.7,0.26807019737726,1,0.31807019737726,1
"LBR",25,1,0.6,0.8,0.215566183251851,0.946289569278671,0.216308269396116,1
"LBY",30,1.5,0.7,0.7,0.15479920319483,1,0.20479920319483,1
"LCA",10,3,0.9,0.99,0.183796482192866,1,0.233796482192866,1
"LKA",5,1,0.6,0.99,0.173219706458656,0.980769230769231,0.203988937227886,1
"LSO",30,2,0.8,0.9,0.214067837238919,0.946740858505564,0.214719665537806,1
"LTU",20,1,0.1,0.9,0.0795160441128979,1,0.129516044112898,1
"LUX",30,1,0.3,0.99,0.308395608599885,0.990720913633119,0.349116522233004,1
"LVA",5,2.5,0.5,0.8,0.112949244536044,1,0.162949244536044,1
"MAR",30,1,0.9,0.7,1.25269969897531,1,1.30269969897531,1
"MDA",5,2,0.6,0.99,0.271630841664814,1,0.321630841664814,1
"MDG",5,1,0.5,0.99,0.155923463935769,1,0.205923463935769,1
"MDV",30,1,0.7,0.99,0.557561498719356,0.97312,0.580681498719356,1
"MEX",25,3,0.9,0.99,0.152225028753858,1,0.202225028753858,1
"MEX_4643",5,3,0.7,0.8,0.262264466480396,1,0.312264466480396,1
"MEX_4644",30,3,0.6,0.99,0.239710053184179,1,0.289710053184179,1
"MEX_4645",30,1.5,0.6,0.99,0.298901623003655,0.951727558274095,0.30062918127775,1
"MEX_4646",10,3,0.7,0.7,0.185600807368628,1,0.235600807368628,1
"MEX_4647",30,3,0.9,0.8,0.268311977382017,1,0.318311977382017,1
"MEX_4648",5,3,0.8,0.7,0.197691068023587,1,0.247691068023587,1
"MEX_4649",30,1.5,0.8,0.8,0.310744570124429,1,0.360744570124429,1
"MEX_4650",30,1,0.6,0.99,0.331923021139906,1,0.381923021139906,1
"MEX_4651",30,1.5,0.6,0.7,0.268143602453704,0.93651843279881,0.270839915893942,1
"MEX_4652",5,1,0.9,0.7,0.458312481108847,1,0.508312481108847,1
"MEX_4653",15,1,0.8,0.9,0.136763470380091,1,0.186763470380091,1
"MEX_4654",5,1,0.7,0.7,0.496482789900453,1,0.546482789900453,1
"MEX_4655",30,1,0.8,0.9,0.245533403022355,1,0.295533403022355,1
"MEX_4656",5,3,0.9,0.99,0.213172716445286,0.998181517606216,0.261354234051502,1
"MEX_4657",30,3,0.6,0.99,0.148208662082923,1,0.198208662082923,1
"MEX_4658",30,1,0.8,0.8,0.251714670568096,1,0.301714670568096,1
"MEX_4659",5,3,0.6,0.7,0.166333956601178,1,0.216333956601178,1
"MEX_4660",30,2.5,0.7,0.99,0.378757046638623,1,0.428757046638623,1
"MEX_4661",30,3,0.9,0.7,0.275820413820798,1,0.325820413820798,1
"MEX_4662",30,1,0.9,0.8,0.315074376868569,1,0.365074376868569,1
"MEX_4663",25,3,0.8,0.99,0.12860275547896,1,0.17860275547896,1
"MEX_4664",5,1,0.7,0.9,2.29766159957384,1,2.34766159957384,1
"MEX_4665",20,3,0.8,0.7,0.248438127212757,1,0.298438127212757,1
"MEX_4666",5,1,0.7,0.99,0.218039101340289,1,0.268039101340289,1
"MEX_4667",30,1,0.7,0.7,0.347930643035518,0.999834683418747,0.397765326454265,1
"MEX_4668",25,3,0.8,0.8,0.249053546430126,1,0.299053546430126,1
"MEX_4669",30,3,0.9,0.99,0.174401613548499,1,0.224401613548499,1
"MEX_4670",5,2,0.6,0.9,0.379561780652715,1,0.429561780652715,1
"MEX_4671",30,3,0.9,0.99,0.179966742695389,1,0.229966742695389,1
"MEX_4672",25,3,0.7,0.7,0.203671449348462,1,0.253671449348462,1
"MEX_4673",30,1,0.8,0.99,0.175964480523102,1,0.225964480523102,1
"MEX_4674",5,1,0.9,0.8,0.379179315022054,1,0.429179315022054,1
"MHL",5,2,0.8,0.8,0.230605265302016,1,0.280605265302016,1
"MKD",5,2,0.9,0.7,0.16751626087728,0.991119881598421,0.208636142475701,1
"MLI",30,3,0.6,0.8,0.414871466589572,0.890627911309857,0.426745884327601,1
"MLT",30,1,0.3,0.99,0.216033841051915,0.953881629515757,0.219915470567672,1
"MMR",10,1,0.8,0.9,0.0860181889631568,1,0.136018188963157,1
"MNE",10,1,0.7,0.8,0.260873961168722,0.997502081598668,0.30837604276739,1
"MNG",15,1,0.8,0.9,0.230339799302804,1,0.280339799302804,1
"MNP",5,2,0.6,0.9,0.240990832907632,1,0.290990832907632,1
"MOZ",30,1,0.6,0.9,0.15146263999033,0.978540772532189,0.180003412522519,1
"MRT",30,1,0.6,0.9,0.13702983298988,1,0.18702983298988,1
"MUS",30,3,0.8,0.99,0.186733549810073,0.940042826552463,0.188724984499581,1
"MWI",5,1,0.8,0.7,0.197309467836155,1,0.247309467836155,1
"MYS",25,1,0.9,0.99,0.122868689245945,0.994005994005994,0.166874683251939,1
"NAM",10,3,0.6,0.9,0.185100539985887,1,0.235100539985887,1
"NER",30,1.5,0.6,0.9,0.236521892045106,0.958052822371828,0.244574714416935,1
"NGA",15,1,0.6,0.8,0.377345861986621,0.935962310242541,0.380153399938113,1
"NIC",30,1.5,0.8,0.7,0.294717629627768,1,0.344717629627768,1
"NLD",30,3,0.5,0.99,0.160171732179169,1,0.210171732179169,1
"NOR",30,3,0.3,0.99,0.134216674455867,1,0.184216674455867,1
"NPL",30,1,0.8,0.8,0.277292809365999,0.997778189224218,0.325070998590217,1
"NZL",30,3,0.5,0.8,0.183193728552807,1,0.233193728552807,1
"OMN",30,1,0.6,0.8,0.757998698908792,1,0.807998698908792,1
"PAK",30,1,0.7,0.8,0.53940456025667,0.988862917640588,0.578267477897258,1
"PAN",30,3,0.6,0.9,0.277658568184826,1,0.327658568184826,1
"PER",15,2.5,0.9,0.9,0.214168370533413,1,0.264168370533413,1
"PHL",30,1,0.6,0.9,0.31124610413189,0.944665506093012,0.312313002913288,1
"PNG",20,2,0.9,0.9,0.0308859557502709,1,0.0808859557502709,1
"POL",5,3,0.6,0.9,0.107429150268615,1,0.157429150268615,1
"PRI",30,3,0.8,0.9,0.193689778518615,0.967982129560685,0.211671908079301,1
"PRK",10,3,0.6,0.99,0.319658363910995,1,0.369658363910995,1
"PRT",30,1,0.3,0.99,0.153452748946757,0.907922912205567,0.161868166505643,1
"PRY",10,1,0.7,0.99,0.244930132706265,0.990857142857143,0.285787275563408,1
"PSE",5,1,0.6,0.7,0.437475160331126,1,0.487475160331126,1
"QAT",5,1.5,0.6,0.8,0.160117232346564,0.999231360491929,0.209348592838493,1
"ROU",20,3,0.8,0.9,0.0990069449816843,1,0.149006944981684,1
"RUS",30,1.5,0.1,0.9,0.105526433032861,0.966179861644889,0.121706294677749,1
"RWA",5,1,0.9,0.99,0.12235058034809,1,0.17235058034809,1
"SAU",30,1.5,0.7,0.9,0.623825735011381,1,0.673825735011381,1
"SAU_44541",10,1,0.7,0.8,0.794178227180398,0.913549459684123,0.801468335243573,1
"SAU_44542",20,1,0.7,0.9,0.464284906599993,0.949293433083957,0.464426219983201,1
"SAU_44543",25,1,0.9,0.99,4.6135241819832,0.651754385964912,4.67317330479022,1
"SAU_44544",30,1,0.8,0.9,0.547507199923411,0.979218620116376,0.576725820039787,1
"SAU_44545",30,1,0.6,0.99,1.60563792604751,0.645885286783042,1.6664608686909,1
"SAU_44546",15,1,0.7,0.7,0.503858785073751,1,0.553858785073751,1
"SAU_44547",20,1,0.7,0.99,0.562013220382123,1,0.612013220382123,1
"SAU_44548",10,1,0.7,0.7,0.495922922857802,0.936824605153782,0.498558001827045,1
"SAU_44549",5,1,0.8,0.8,0.47921595265453,0.949293433083957,0.479357266037739,1
"SAU_44550",15,1,0.9,0.9,0.803161741982423,0.961762261014131,0.814924002996555,1
"SAU_44551",30,1,0.8,0.9,0.925948085942682,0.969243557772236,0.945191643714918,1
"SAU_44552",30,1,0.9,0.99,1.59956273418105,0.726517040731505,1.64425932603475,1
"SAU_44553",20,1,0.9,0.7,0.895549050408223,0.963424771404821,0.908973821813044,1
"SDN",10,1,0.8,0.9,0.103278557463074,1,0.153278557463074,1
"SEN",30,1,0.6,0.9,0.327742415493468,0.909875277635401,0.335767359966388,1
"SGP",25,1,0.5,0.99,0.102501338018686,1,0.152501338018686,1
"SLB",15,1,0.8,0.7,0.0593595240593367,1,0.109359524059337,1
"SLE",30,1,0.9,0.8,0.120501044428467,0.982539212784848,0.153040257213314,1
"SLV",5,1,0.7,0.99,0.382995494903709,1,0.432995494903709,1
"SOM",30,1,0.7,0.8,0.295403704638352,0.94971671388102,0.295460361862148,1
"SRB",15,1,0.6,0.7,0.395409307983454,0.942620610904939,0.396885185802467,1
"SSD",30,3,0.7,0.9,0.365373210331629,0.945772386728505,0.366218732985928,1
"STP",30,1,0.9,0.9,0.164903468899831,1,0.214903468899831,1
"SUR",30,1.5,0.8,0.8,0.252346100050327,1,0.302346100050327,1
"SVK",15,2.5,0.9,0.9,0.093393921478554,1,0.143393921478554,1
"SVN",30,1,0.6,0.7,0.111745538622168,1,0.161745538622168,1
"SWE",15,3,0.4,0.99,0.149055146813056,1,0.199055146813056,1
"SWE_4940",15,3,0.3,0.99,0.162364426664479,1,0.212364426664479,1
"SWE_4944",30,3,0.3,0.99,0.175873766780776,1,0.225873766780776,1
"SWZ",30,3,0.9,0.9,0.15965033929904,1,0.20965033929904,1
"SYC",30,3,0.8,0.9,0.344620789770281,0.938039215686274,0.347012946633026,1
"SYR",30,3,0.6,0.8,0.235918128181341,1,0.285918128181341,1
"TCD",30,1,0.7,0.9,0.0490840358705875,1,0.0990840358705875,1
"TGO",30,1,0.9,0.8,0.0775084832024422,1,0.127508483202442,1
"THA",30,1.5,0.9,0.9,0.131435339201979,1,0.181435339201979,1
"TJK",5,1,0.8,0.9,0.464447606328074,1,0.514447606328074,1
"TKM",10,1.5,0.6,0.99,0.196853475014247,1,0.246853475014247,1
"TLS",5,3,0.8,0.9,0.148660502744446,1,0.198660502744446,1
"TON",30,3,0.8,0.9,0.145303703437741,1,0.195303703437741,1
"TTO",30,3,0.6,0.8,0.258694923737747,1,0.308694923737747,1
"TUN",30,1,0.6,0.9,0.244476710539977,1,0.294476710539977,1
"TUR",5,1,0.7,0.9,0.418012941095558,1,0.468012941095558,1
"TWN",15,3,0.4,0.99,0.104176739639143,1,0.154176739639143,1
"TZA",25,1,0.8,0.7,0.0858982938632972,1,0.135898293863297,1
"UGA",30,1,0.9,0.8,0.116339685140668,0.997625643055006,0.163965328195674,1
"UKR",5,2.5,0.9,0.9,0.306180465461597,1,0.356180465461597,1
"URY",5,2.5,0.6,0.7,0.152877356048379,1,0.202877356048379,1
"USA",30,1.5,0.5,0.99,0.0521883080074018,1,0.102188308007402,1
"USA_523",30,1.5,0.3,0.99,0.0784634842268556,1,0.128463484226856,1
"USA_524",15,1,0.5,0.99,0.176709466543138,1,0.226709466543138,1
"USA_525",30,1,0.3,0.99,0.0720696825979224,1,0.122069682597922,1
"USA_526",30,1.5,0.3,0.99,0.0942319483689827,1,0.144231948368983,1
"USA_527",30,1,0.3,0.99,0.048987721400549,1,0.098987721400549,1
"USA_528",25,1,0.3,0.99,0.0683257668769423,1,0.118325766876942,1
"USA_529",30,1,0.4,0.99,0.110166505629696,1,0.160166505629696,1
"USA_530",5,1.5,0.3,0.99,0.151783548839303,1,0.201783548839303,1
"USA_531",15,1.5,0.3,0.99,0.174179913701785,1,0.224179913701785,1
"USA_532",30,1.5,0.3,0.99,0.0890318985104845,1,0.139031898510485,1
"USA_533",30,1,0.5,0.99,0.0837793493864208,1,0.133779349386421,1
"USA_534",20,1,0.3,0.99,0.142312291419737,1,0.192312291419737,1
"USA_535",25,1,0.3,0.99,0.0872786047435097,1,0.13727860474351,1
"USA_536",30,1,0.3,0.99,0.0652147302347385,1,0.115214730234738,1
"USA_537",30,1.5,0.3,0.99,0.102262898234845,1,0.152262898234845,1
"USA_538",15,1,0.3,0.99,0.134815775496341,1,0.184815775496341,1
"USA_539",30,1.5,0.3,0.99,0.105017360176628,1,0.155017360176628,1
"USA_540",30,1.5,0.3,0.99,0.108617310511902,1,0.158617310511902,1
"USA_541",30,1.5,0.3,0.99,0.0807409983712339,1,0.130740998371234,1
"USA_542",20,1,0.5,0.99,0.157697134963113,1,0.207697134963113,1
"USA_543",30,1,0.3,0.99,0.0872323613330002,1,0.137232361333,1
"USA_544",30,1,0.3,0.99,0.0626478383193743,1,0.112647838319374,1
"USA_545",30,1,0.3,0.99,0.0857812804125294,1,0.135781280412529,1
"USA_546",30,1,0.3,0.99,0.115886127428147,1,0.165886127428147,1
"USA_547",30,1.5,0.3,0.99,0.0678891251418035,1,0.117889125141803,1
"USA_548",30,1.5,0.3,0.99,0.0831035582425706,1,0.133103558242571,1
"USA_549",25,1,0.4,0.99,0.120513311694463,1,0.170513311694463,1
"USA_550",20,1,0.3,0.99,0.0875339413609839,1,0.137533941360984,1
"USA_551",25,1,0.3,0.99,0.0948095767520549,1,0.144809576752055,1
"USA_552",30,1,0.3,0.99,0.189137738082119,1,0.239137738082119,1
"USA_553",30,1,0.4,0.99,0.0695764861618531,1,0.119576486161853,1
"USA_554",20,1,0.5,0.99,0.112114034735777,1,0.162114034735777,1
"USA_555",30,1,0.3,0.99,0.0525946220462907,1,0.102594622046291,1
"USA_556",30,1,0.3,0.99,0.0931131768824558,1,0.143113176882456,1
"USA_557",30,1,0.3,0.99,0.154571373894648,1,0.204571373894648,1
"USA_558",30,1.5,0.4,0.99,0.0723858725392789,1,0.122385872539279,1
"USA_559",30,1.5,0.3,0.99,0.073906169931548,1,0.123906169931548,1
"USA_560",30,1,0.4,0.99,0.0760452971513133,1,0.126045297151313,1
"USA_561",30,1.5,0.3,0.99,0.0961938890601215,1,0.146193889060122,1
"USA_562",25,1,0.5,0.99,0.136746925262813,1,0.186746925262813,1
"USA_563",25,1,0.3,0.99,0.118419862801219,1,0.168419862801219,1
"USA_564",25,1,0.3,0.99,0.16720463209529,1,0.21720463209529,1
"USA_565",30,1.5,0.4,0.99,0.0892129730537309,1,0.139212973053731,1
"USA_566",20,1,0.5,0.99,0.0834631551517696,1,0.13346315515177,1
"USA_567",25,1,0.3,0.99,0.0910619903874559,1,0.141061990387456,1
"USA_568",5,1,0.3,0.99,0.178283716103542,1,0.228283716103542,1
"USA_569",25,1,0.3,0.99,0.0926975374849434,1,0.142697537484943,1
"USA_570",30,1,0.3,0.99,0.0678254680755143,1,0.117825468075514,1
"USA_571",30,1.5,0.3,0.99,0.132229836914043,1,0.182229836914043,1
"USA_572",20,1,0.4,0.99,0.0908847420912486,1,0.140884742091249,1
"USA_573",15,1,0.3,0.99,0.148560563509844,1,0.198560563509844,1
"UZB",5,1,0.7,0.99,0.328234043408513,1,0.378234043408513,1
"VCT",25,3,0.9,0.8,0.314460319332711,1,0.364460319332711,1
"VEN",30,3,0.8,0.99,0.165838605776106,0.8756148981026,0.180715626155586,1
"VIR",30,2,0.9,0.7,0.340686454109124,0.960030745580323,0.350717199689447,1
"VNM",30,1,0.9,0.9,0.422668429763494,0.974072001492259,0.446740431255753,1
"VUT",10,1,0.8,0.8,0.228594229387594,1,0.278594229387594,1
"WSM",25,3,0.6,0.8,0.231648945151494,1,0.281648945151494,1
"YEM",30,1,0.8,0.8,0.236599404247033,0.992174629324547,0.27877403357158,1
"ZAF",30,3,0.9,0.7,0.351746941176377,1,0.401746941176377,1
"ZAF_482",5,1,0.6,0.9,0.87726233300293,1,0.92726233300293,1
"ZAF_483",15,2.5,0.7,0.9,0.470839184510513,0.945006065507481,0.471837971409017,1
"ZAF_484",5,1,0.6,0.9,0.538079328360328,1,0.588079328360328,1
"ZAF_485",10,1,0.9,0.99,0.630251281853911,1,0.680251281853911,1
"ZAF_486",10,1,0.8,0.8,0.80969113507619,1,0.85969113507619,1
"ZAF_487",5,1,0.6,0.99,0.267819728282996,0.987060250707643,0.304879978990638,1
"ZAF_488",10,1,0.6,0.99,0.428684606423306,0.975328292877039,0.454012899300346,1
"ZAF_489",10,1,0.6,0.9,0.367644501614221,0.951071572988273,0.368716074602494,1
"ZAF_490",5,1,0.9,0.7,0.343323596010693,1,0.393323596010693,1
"ZMB",5,1,0.7,0.9,0.373110570043718,0.967219244671569,0.390329814715288,1
"ZWE",30,2,0.8,0.9,0.228511195991604,0.949599762822413,0.228591243427121,1
"IND_44849",30,1,0.9,0.7,0.156196027873766,1,0.206196027873766,1
